5.800
5.800
5.800
5.799
5.798
5.797
5.795
5.793
5.791
5.788
5.786
5.782
5.779
5.775
5.771
5.766
5.762
5.756
5.751
5.745
5.739
5.733
5.726
5.719
5.712
5.704
5.696
5.688
5.679
5.670
5.661
5.651
5.641
5.631
5.620
5.610
5.598
5.587
5.575
5.563
5.550
5.538
5.524
5.511
5.497
5.483
5.469
5.454
5.439
5.424
5.408
5.392
5.376
5.359
5.342
5.325
5.307
5.289
5.271
5.252
5.234
5.214
5.195
5.175
5.155
5.134
5.114
5.092
5.071
5.049
5.027
5.005
4.982
4.959
4.936
4.912
4.888
4.864
4.839
4.814
4.789
4.763
4.737
4.711
4.684
4.658
4.630
4.603
4.575
4.547
4.518
4.490
4.460
4.431
4.401
4.371
4.341
4.310
4.279
4.248
4.216
4.184
4.152
4.119
4.086
4.053
4.019
3.985
3.951
3.916
3.882
3.846
3.811
3.775
3.739
3.775
3.812
3.775
3.812
3.850
3.888
3.850
3.889
3.928
3.888
3.928
3.968
3.928
3.968
4.009
4.051
4.009
4.051
4.093
4.051
4.093
4.137
4.093
4.137
4.181
4.137
4.181
4.227
4.181
4.227
4.181
4.227
4.274
4.227
4.274
4.322
4.274
4.322
4.370
4.322
4.370
4.322
4.370
4.418
4.370
4.418
4.370
4.418
4.466
4.418
4.466
4.418
4.466
4.514
4.466
4.514
4.466
4.514
4.562
4.514
4.562
4.514
4.562
4.610
4.562
4.610
4.562
4.610
4.562
4.610
4.658
4.610
4.658
4.610
4.658
4.610
4.658
4.706
4.658
4.706
4.658
4.706
4.658
4.706
4.658
4.706
4.658
4.706
4.754
4.706
4.754
4.706
4.754
4.706
4.754
4.706
4.754
4.706
4.754
4.706
4.754
4.706
4.754
4.706
4.754
4.706
4.754
4.706
4.754
4.706
4.754
4.706
4.754
4.706
4.754
4.706
4.754
4.706
4.754
4.706
4.754
4.706
4.754
4.706
4.754
4.706
4.754
4.706
4.754
4.706
4.754
4.706
4.754
4.706
4.754
4.706
4.658
4.706
4.658
4.706
4.658
4.706
4.658
4.706
4.658
4.706
4.658
4.610
4.658
4.610
4.658
4.610
4.658
4.610
4.562
4.610
4.562
4.610
4.562
4.610
4.562
4.514
4.562
4.514
4.562
4.514
4.466
4.514
4.466
4.514
4.466
4.418
4.466
4.418
4.466
4.418
4.370
4.418
4.370
4.418
4.370
4.322
4.370
4.322
4.370
4.322
4.274
4.322
4.274
4.226
4.274
4.226
4.178
4.226
4.178
4.226
4.178
4.130
4.178
4.130
4.082
4.130
4.082
4.034
4.082
4.034
3.986
4.034
3.986
3.938
3.986
3.938
3.890
3.938
3.890
3.842
3.890
3.842
3.794
3.842
3.794
3.746
3.794
3.746
3.698
3.746
3.698
3.650
3.698
3.650
3.602
3.554
3.602
3.554
3.506
3.554
3.506
3.458
3.506
3.458
3.410
3.362
3.410
3.362
3.314
3.362
3.314
3.266
3.218
3.266
3.218
3.170
3.122
3.170
3.122
3.074
3.026
3.074
3.026
2.978
2.930
2.978
2.930
2.882
2.834
2.882
2.834
2.786
2.738
2.786
2.738
2.690
2.642
2.690
2.642
2.594
2.546
2.594
2.546
2.498
2.450
2.402
2.450
2.402
2.354
2.306
2.258
2.306
2.258
2.210
2.162
2.114
2.162
2.114
2.066
2.018
1.970
2.018
1.970
1.922
1.874
1.826
1.874
1.826
1.778
1.730
1.682
1.634
1.682
1.634
1.586
1.538
1.490
1.442
1.490
1.442
1.394
1.346
1.298
1.250
1.298
1.250
1.202
1.154
1.106
1.058
1.010
1.058
1.010
0.962
0.914
0.866
0.818
0.770
0.818
0.770
0.722
0.674
0.626
0.578
0.530
0.482
0.434
0.482
0.434
0.386
0.338
0.290
0.242
0.194
0.146
0.098
0.146
0.098
0.050
0.002
-0.046
-0.094
-0.142
-0.190
-0.238
-0.286
-0.334
-0.286
-0.334
-0.382
-0.430
-0.478
-0.526
-0.574
-0.622
-0.670
-0.718
-0.766
-0.814
-0.862
-0.910
-0.862
-0.910
-0.958
-1.006
-1.054
-1.102
-1.150
-1.198
-1.246
-1.294
-1.342
-1.390
-1.438
-1.486
-1.534
-1.582
-1.630
-1.678
-1.726
-1.774
-1.822
-1.870
-1.918
-1.966
-2.014
-2.062
-2.110
-2.158
-2.206
-2.254
-2.302
-2.350
-2.398
-2.446
-2.494
-2.542
-2.590
-2.638
-2.686
-2.734
-2.782
-2.830
-2.878
-2.926
-2.974
-3.022
-3.070
-3.118
-3.166
-3.214
-3.262
-3.310
-3.358
-3.406
-3.454
-3.502
-3.550
-3.598
-3.646
-3.694
-3.742
-3.790
-3.838
-3.886
-3.934
-3.982
-4.030
-4.078
-4.126
-4.174
-4.222
-4.270
-4.318
-4.366
-4.414
-4.462
-4.510
-4.558
-4.606
-4.654
-4.702
-4.750
-4.798
-4.846
-4.894
-4.942
-4.990
-5.038
-5.086
-5.134
-5.182
-5.230
-5.278
-5.326
-5.374
-5.422
-5.470
-5.518
-5.566
-5.614
-5.662
-5.710
-5.758
-5.806
-5.854
-5.902
-5.950
-5.998
-6.046
-6.094
-6.142
-6.190
-6.238
-6.286
-6.334
-6.382
-6.430
-6.478
-6.526
-6.574
-6.622
-6.670
-6.718
-6.766
-6.814
-6.862
-6.910
-6.958
-7.006
-7.054
-7.102
-7.150
-7.198
-7.246
-7.294
-7.342
-7.390
-7.438
-7.486
-7.534
-7.582
-7.630
-7.678
-7.726
-7.774
-7.822
-7.870
-7.918
-7.966
-8.014
-8.062
-8.110
-8.158
-8.206
-8.254
-8.302
-8.350
-8.398
-8.446
-8.494
-8.542
-8.590
-8.638
-8.686
-8.734
-8.782
-8.830
-8.878
-8.926
-8.974
-9.022
-9.070
-9.118
-9.166
-9.214
-9.262
-9.310
-9.358
-9.406
-9.454
-9.502
-9.550
-9.598
-9.646
-9.694
-9.742
-9.790
-9.838
-9.886
-9.934
-9.982
-10.030
-10.078
-10.126
-10.174
-10.222
-10.270
-10.318
-10.366
-10.414
-10.462
-10.510
-10.558
-10.606
-10.654
-10.702
-10.750
-10.798
-10.846
-10.894
-10.942
-10.990
-11.038
-11.086
-11.134
-11.182
-11.230
-11.278
-11.326
-11.374
-11.422
-11.470
-11.518
-11.566
-11.614
-11.662
-11.710
-11.758
-11.806
-11.854
-11.902
-11.950
-11.998
-12.046
-12.094
-12.142
-12.190
-12.238
-12.286
-12.334
-12.382
-12.430
-12.478
-12.526
-12.574
-12.622
-12.670
-12.718
-12.766
-12.814
-12.862
-12.910
-12.958
-13.006
-13.054
-13.102
-13.150
-13.198
-13.246
-13.294
-13.342
-13.390
-13.438
-13.486
-13.534
-13.582
-13.630
-13.678
-13.726
-13.774
-13.822
-13.870
-13.918
-13.966
-14.014
-14.062
-14.110
-14.158
-14.206
-14.254
-14.302
-14.350
-14.398
-14.446
-14.494
-14.542
-14.590
-14.638
-14.686
-14.734
-14.782
-14.830
-14.878
-14.926
-14.974
-15.022
-15.070
-15.118
-15.166
-15.214
-15.262
-15.310
-15.358
-15.406
-15.454
-15.502
-15.550
-15.598
-15.646
-15.694
-15.742
-15.790
-15.838
-15.886
-15.934
-15.982
-16.030
-16.078
-16.126
-16.174
-16.222
-16.270
-16.318
-16.366
-16.414
-16.462
-16.510
-16.558
-16.606
-16.654
-16.702
-16.750
-16.798
-16.846
-16.894
-16.942
-16.990
-17.038
-17.086
-17.134
-17.182
-17.230
-17.278
-17.326
-17.374
-17.422
-17.470
-17.518
-17.566
-17.614
-17.662
-17.710
-17.758
-17.806
-17.854
-17.902
-17.950
-17.998
-18.046
-18.094
-18.142
-18.190
-18.238
-18.286
-18.334
-18.382
-18.430
-18.478
-18.526
-18.574
-18.622
-18.670
-18.718
-18.766
-18.814
-18.862
-18.910
-18.958
-19.006
-19.054
-19.102
-19.150
-19.198
-19.246
-19.294
-19.342
-19.390
-19.438
-19.486
-19.534
-19.582
-19.630
-19.678
-19.726
-19.774
-19.822
-19.870
-19.918
-19.966
-20.014
-20.062
-20.110
-20.158
-20.206
-20.254
-20.302
-20.350
-20.398
-20.446
-20.494
-20.542
-20.590
-20.638
-20.686
-20.734
-20.782
-20.830
-20.878
-20.926
-20.974
-21.022
-21.070
-21.118
-21.166
-21.214
-21.262
-21.310
-21.358
-21.406
-21.454
-21.502
-21.550
-21.598
-21.646
-21.694
-21.742
-21.790
-21.838
-21.886
-21.934
-21.982
-22.030
-22.078
-22.126
-22.174
-22.222
-22.270
-22.318
-22.366
-22.414
-22.462
-22.510
-22.558
-22.606
-22.654
-22.702
-22.750
-22.798
-22.846
-22.894
-22.942
-22.990
-23.038
-23.086
-23.134
-23.182
-23.230
-23.278
-23.326
-23.374
-23.422
-23.470
-23.518
-23.566
-23.614
-23.662
-23.710
-23.758
-23.806
-23.854
-23.902
-23.950
-23.998
-24.046
-24.094
-24.142
-24.190
-24.238
-24.286
-24.334
-24.382
-24.430
-24.478
-24.526
-24.574
-24.622
-24.670
-24.718
-24.766
-24.814
-24.862
-24.910
-24.958
-25.006
-25.054
-25.102
-25.150
-25.198
-25.246
-25.294