10.000
10.000
9.999
9.997
9.994
9.990
9.986
9.980
9.973
9.965
9.957
9.947
9.937
9.925
9.913
9.899
9.885
9.869
9.853
9.836
9.818
9.798
9.778
9.757
9.735
9.712
9.688
9.663
9.637
9.610
9.582
9.554
9.524
9.493
9.461
9.429
9.395
9.361
9.325
9.289
9.251
9.213
9.173
9.133
9.092
9.050
9.006
8.962
8.917
8.871
8.824
8.776
8.727
8.677
8.626
8.574
8.522
8.468
8.413
8.357
8.301
8.243
8.185
8.125
8.065
8.003
7.941
7.877
7.813
7.748
7.682
7.614
7.546
7.477
7.407
7.336
7.264
7.191
7.117
7.042
6.966
6.890
6.812
6.733
6.653
6.573
6.491
6.409
6.325
6.241
6.155
6.069
5.981
5.893
5.804
5.714
5.622
5.530
5.437
5.343
5.248
5.344
5.247
5.345
5.444
5.344
5.445
5.547
5.444
5.548
5.652
5.547
5.653
5.761
5.652
5.762
5.872
5.761
5.873
5.760
5.874
5.989
5.873
5.990
6.108
5.989
6.109
5.988
6.110
6.233
6.109
6.234
6.360
6.233
6.361
6.232
6.362
6.492
6.361
6.493
6.360
6.494
6.629
6.493
6.630
6.492
6.631
6.772
6.630
6.772
6.629
6.773
6.918
6.772
6.919
6.772
6.920
7.070
6.919
7.071
6.918
7.072
6.917
7.073
7.229
7.072
7.230
7.071
7.231
7.070
7.232
7.396
7.231
7.396
7.230
7.397
7.229
7.398
7.568
7.397
7.569
7.396
7.570
7.396
7.571
7.395
7.572
7.751
7.571
7.752
7.570
7.753
7.569
7.754
7.568
7.755
7.567
7.756
7.945
7.755
7.946
7.754
7.947
7.753
7.948
7.752
7.948
7.751
7.949
8.149
7.948
8.150
7.948
8.151
7.947
8.152
7.946
8.153
7.945
8.154
7.944
8.155
7.943
8.156
7.942
8.157
8.373
8.156
8.374
8.155
8.375
8.154
8.376
8.153
8.377
8.152
8.378
8.151
8.379
8.150
8.380
8.149
8.380
8.148
8.381
8.147
8.382
8.146
8.383
8.145
8.384
8.144
8.385
8.627
8.384
8.628
8.383
8.629
8.382
8.630
8.381
8.631
8.380
8.632
8.380
8.633
8.379
8.634
8.378
8.635
8.377
8.636
8.376
8.637
8.375
8.638
8.374
8.639
8.373
8.640
8.372
8.641
8.371
8.642
8.370
8.643
8.369
8.644
8.368
8.644
8.367
8.645
8.366
8.646
8.365
8.647
8.364
8.648
8.363
8.649
8.362
8.650
8.361
8.071
8.362
8.070
8.363
8.069
8.364
8.068
8.365
8.068
8.366
8.067
8.367
8.066
8.368
8.065
8.369
8.064
8.370
8.063
8.371
8.062
8.372
8.061
8.373
8.060
8.374
8.059
8.375
8.058
8.376
8.057
7.737
8.058
7.736
8.059
7.735
8.060
7.734
8.061
7.733
8.062
7.732
8.063
7.732
8.064
7.731
8.065
7.730
8.066
7.729
8.067
7.728
7.388
7.729
7.387
7.730
7.386
7.731
7.385
7.732
7.384
7.732
7.383
7.733
7.382
7.734
7.381
7.027
7.382
7.026
7.383
7.025
7.384
7.024
7.385
7.023
7.386
7.022
7.387
7.021
7.388
7.020
6.652
7.021
6.651
7.022
6.650
7.023
6.649
7.024
6.648
7.025
6.647
7.026
6.646
6.265
6.647
6.264
6.648
6.263
6.649
6.262
6.650
6.261
6.651
6.260
6.652
6.259
5.865
6.260
5.864
6.261
5.863
6.262
5.862
6.263
5.861
6.264
5.860
5.456
5.861
5.455
5.862
5.454
5.863
5.453
5.864
5.452
5.865
5.452
5.037
5.452
5.036
5.453
5.035
5.454
5.034
5.455
5.033
4.610
5.034
4.609
5.035
4.608
5.036
4.607
5.037
4.606
5.038
4.605
4.171
4.606
4.170
4.607
4.169
4.608
4.168
4.609
4.167
3.724
4.168
3.724
4.169
3.723
4.170
3.722
4.171
3.721
3.269
3.722
3.268
3.723
3.268
3.724
3.267
3.724
3.266
2.806
3.267
2.805
3.268
2.804
3.268
2.803
3.269
2.802
2.333
2.803
2.332
2.804
2.332
2.805
2.331
1.855
2.332
1.854
2.332
1.853
2.333
1.852
2.334
1.852
1.368
1.852
1.367
1.853
1.366
1.854
1.365
0.874
1.366
0.873
1.367
0.872
1.368
0.871
0.374
0.872
0.373
0.873
0.372
0.874
0.371
0.875
0.370
-0.136
0.371
-0.137
0.372
-0.138
0.373
-0.139
-0.651
-0.138
-0.652
-0.137
-0.653
-0.136
-0.654
-1.173
-0.653
-1.174
-0.652
-1.175
-0.651
-1.176
-1.702
-1.175
-1.703
-1.174
-1.704
-1.173
-1.705
-2.238
-1.704
-2.239
-1.703
-2.240
-1.702
-2.241
-2.780
-2.240
-2.781
-2.239
-2.782
-2.238
-2.783
-3.330
-2.782
-3.331
-2.781
-3.332
-2.780
-3.332
-3.885
-3.332
-3.886
-3.331
-3.887
-3.330
-3.888
-4.448
-3.887
-4.449
-3.886
-4.450
-5.014
-4.449
-5.015
-4.448
-5.016
-4.447
-5.017
-5.588
-5.016
-5.589
-5.015
-5.590
-5.014
-5.591
-6.169
-5.590
-6.170
-5.589
-6.171
-6.754
-6.170
-6.755
-6.169
-6.756
-6.168
-6.757
-7.346
-6.756
-7.347
-6.755
-7.348
-7.942
-7.347
-7.943
-7.346
-7.944
-7.345
-7.945
-8.546
-7.944
-8.547
-7.943
-8.548
-9.154
-8.547
-9.155
-8.546
-9.156
-8.545
-9.157
-9.769
-9.156
-9.770
-9.155
-9.771
-10.388
-9.770
-10.389
-9.769
-10.390
-11.012
-10.389
-11.013
-10.388
-11.014
-10.388
-11.015
-11.644
-11.014
-11.645
-11.013
-11.646
-12.280
-11.645
-12.281
-11.644
-12.282
-12.920
-12.281
-12.921
-12.280
-12.922
-12.279
-12.923
-13.568
-12.922
-13.569
-12.921
-13.570
-14.220
-13.569
-14.221
-13.568
-14.222
-14.876
-14.221
-14.877
-14.220
-14.878
-15.538
-14.877
-15.539
-14.876
-15.540
-14.876
-15.541
-16.207
-15.540
-16.208
-15.539
-16.209
-16.880
-16.208
-16.881
-16.207
-16.882
-17.558
-16.881
-17.559
-16.880
-17.560
-18.240
-17.559
-18.241
-17.558
-18.242
-18.928
-18.241
-18.929
-18.240
-18.930
-19.620
-18.929
-19.621
-18.928
-19.622
-20.317
-19.621
-20.318
-19.620
-20.319
-21.019
-20.318
-21.020
-20.317
-21.020
-21.725
-21.020
-21.726
-21.019
-21.727
-22.436
-21.726
-22.437
-21.725
-22.438
-23.153
-22.437
-23.154
-22.436
-23.155
-23.874
-23.154
-23.875
-23.153
-23.876
-24.599
-23.875
-24.600
-23.874
-24.601
-25.330
-24.600
-25.331
-24.599
-25.332
-26.065
-25.331
-26.066
-25.330
-26.067
-26.805
-26.066
-26.806
-26.065
-26.807
-27.550
-26.806
-27.551
-26.805
-27.552
-28.300
-27.551
-28.301
-27.550
-28.302
-29.055
-28.301
-29.056
-29.811
-29.055
-29.812
-29.054
-29.813
-30.573
-29.812
-30.574
-29.811
-30.575
-31.340
-30.574
-31.341
-30.573
-31.342
-32.112
-31.341
-32.113
-31.340
-32.114
-32.889
-32.113
-32.890
-32.112
-32.891
-33.670
-32.890
-33.671
-34.454
-33.670
-34.455
-33.669
-34.456
-35.243
-34.455
-35.244
-34.454
-35.245
-36.037
-35.244
-36.038
-35.243
-36.039
-36.836
-36.038
-36.836
-37.636
-36.836
-37.637
-36.835
-37.638
-38.443
-37.637
-38.444
-37.636
-38.444
-39.254
-38.444
-39.255
-40.067
-39.254
-40.068
-39.253
-40.069
-40.886
-40.068
-40.887
-40.067
-40.888
-41.709
-40.887
-41.710
-42.535
-41.709
-42.536
-41.708
-42.537
-43.366
-42.536
-43.367
-42.535
-43.368
-44.203
-43.367
-44.204
-45.041
-44.203
-45.042
-44.202
-45.043
-45.884
-45.042
-45.885
-45.041
-45.886
-46.733
-45.885
-46.734
-47.584
-46.733
-47.585
-46.732
-47.586
-48.440
-47.585
-48.441
-49.298
-48.440
-49.299
-48.439
-49.300
-50.162
-49.299
-50.163
-49.298
-50.164
-51.031
-50.163
-51.032
-51.902
-51.031
-51.903
-51.030
-51.904
-52.778
-51.903
-52.779
-53.657
-52.778
-53.658
-52.777
-53.659
-54.541
-53.658
-54.542
-55.427
-54.541
-55.428
-54.540
-55.429
-56.319
-55.428
-56.320
-57.212
-56.319
-57.213
-56.318
-57.214
-58.112
-57.213
-58.113
-59.013
-58.112
-59.014
-58.111
-59.015
-59.921
-59.014
-59.922
-60.830
-59.921
-60.831
-59.920
-60.832
-61.745
-60.831
-61.746
-62.661
-61.745
-62.662
-61.744
-62.663
-63.584
-62.662
-63.585
-64.508
-63.584
-64.509
-63.583
-64.510
-65.439
-64.509
-65.440
-66.371
-65.439
-66.372
-65.438
-66.373
-67.309
-66.372
-67.310
-68.249
-67.309
-68.250
-69.191
-68.249
-69.192
-68.248
-69.193
-70.140
-69.192
-70.141
-71.090
-70.140
-71.091
-70.139
-71.092
-72.046
-71.091
-72.047
-73.004
-72.046
-73.005
-72.045