7.400000
6.400000
5.400000
4.400000
3.400000
2.400000
1.400000
0.400000
1.400000
0.400000
1.400000
0.400000
1.400000
0.400000
1.400000
0.400000
1.400000
0.400000
1.400000
0.400000
1.400000
2.400000
1.400000
2.400000
1.400000
2.400000
1.400000
2.400000
1.400000
2.400000
1.400000
2.400000
1.400000
2.400000
1.400000
2.400000
1.400000
2.400000
1.400000
2.400000
1.400000
2.400000
1.400000
2.400000
1.400000
2.400000
1.400000
2.400000
1.400000
2.400000
1.400000
2.400000
1.400000
2.400000
3.400000
2.400000
3.400000
2.400000
3.400000
2.400000
3.400000
2.400000
3.400000
2.400000
3.400000
2.400000
3.400000
2.400000
3.400000
2.400000
3.400000
2.400000
3.400000
2.400000
3.400000
2.400000
3.400000
2.400000
3.400000
2.400000
3.400000
2.400000
3.400000
2.400000
3.400000
2.400000
3.400000
2.400000
3.400000
2.400000
3.400000
2.400000
3.400000
2.400000
3.400000
2.400000
3.400000
4.400000
3.400000
4.400000
3.400000
4.400000
3.400000
4.400000
3.400000
4.400000
3.400000
4.400000
3.400000
4.400000
3.400000
4.400000
3.400000
4.400000
3.400000
4.400000
3.400000
4.400000
3.400000
4.400000
3.400000
4.400000
3.400000
4.400000
3.400000
4.400000
3.400000
4.400000
3.400000
4.400000
3.400000
4.400000
3.400000
4.400000
3.400000
4.400000
3.400000
4.400000
3.400000
4.400000
3.400000
4.400000
3.400000
4.400000
3.400000
4.400000
3.400000
4.400000
3.400000
4.400000
3.400000
4.400000
3.400000
4.400000
3.400000
4.400000
3.400000
4.400000
3.400000
4.400000
5.400000
4.400000
5.400000
4.400000
5.400000
4.400000
5.400000
4.400000
5.400000
4.400000
5.400000
4.400000
5.400000
4.400000
5.400000
4.400000
5.400000
4.400000
5.400000
4.400000
5.400000
4.400000
5.400000
4.400000
5.400000
4.400000
5.400000
4.400000
5.400000
4.400000
5.400000
4.400000
5.400000
4.400000
5.400000
4.400000
5.400000
4.400000
5.400000
4.400000
5.400000
4.400000
5.400000
4.400000
5.400000
4.400000
5.400000
4.400000
5.400000
4.400000
5.400000
4.400000
5.400000
4.400000
5.400000
4.400000
5.400000
4.400000
5.400000
4.400000
5.400000
4.400000
5.400000
4.400000
5.400000
4.400000
5.400000
4.400000
5.400000
4.400000
5.400000
4.400000
5.400000
4.400000
5.400000
4.400000
5.400000
4.400000
5.400000
4.400000
5.400000
4.400000
5.400000
4.400000
5.400000
4.400000
5.400000
4.400000
5.400000
4.400000
5.400000
4.400000
5.400000
4.400000
5.400000
4.400000
5.400000
4.400000
5.400000
4.400000
5.400000
4.400000
5.400000
4.400000
5.400000
4.400000
5.400000
4.400000
5.400000
4.400000
5.400000
4.400000
5.400000
4.400000
5.400000
4.400000
5.400000
4.400000
5.400000
4.400000
5.400000
4.400000
5.400000
4.400000
5.400000
4.400000
5.400000
4.400000
5.400000
4.400000
5.400000
4.400000
3.400000
4.400000
3.400000
4.400000
3.400000
4.400000
3.400000
4.400000
3.400000
4.400000
3.400000
4.400000
3.400000
4.400000
3.400000
4.400000
3.400000
4.400000
3.400000
4.400000
3.400000
4.400000
3.400000
4.400000
3.400000
4.400000
3.400000
4.400000
3.400000
4.400000
3.400000
4.400000
3.400000
4.400000
3.400000
4.400000
3.400000
4.400000
3.400000
4.400000
3.400000
4.400000
3.400000
4.400000
3.400000
4.400000
3.400000
4.400000
3.400000
4.400000
3.400000
4.400000
3.400000
4.400000
3.400000
4.400000
3.400000
4.400000
3.400000
4.400000
3.400000
4.400000
3.400000
2.400000
3.400000
2.400000
3.400000
2.400000
3.400000
2.400000
3.400000
2.400000
3.400000
2.400000
3.400000
2.400000
3.400000
2.400000
3.400000
2.400000
3.400000
2.400000
3.400000
2.400000
3.400000
2.400000
3.400000
2.400000
3.400000
2.400000
3.400000
2.400000
3.400000
2.400000
3.400000
2.400000
3.400000
2.400000
3.400000
2.400000
3.400000
2.400000
3.400000
2.400000
3.400000
2.400000
1.400000
2.400000
1.400000
2.400000
1.400000
2.400000
1.400000
2.400000
1.400000
2.400000
1.400000
2.400000
1.400000
2.400000
1.400000
2.400000
1.400000
2.400000
1.400000
2.400000
1.400000
2.400000
1.400000
2.400000
1.400000
2.400000
1.400000
2.400000
1.400000
2.400000
1.400000
2.400000
1.400000
0.400000
1.400000
0.400000
1.400000
0.400000
1.400000
0.400000
1.400000
0.400000
1.400000
0.400000
1.400000
0.400000
1.400000
0.400000
1.400000
0.400000
1.400000
0.400000
1.400000
0.400000
1.400000
0.400000
1.400000
0.400000
1.400000
0.400000
1.400000
0.400000
-0.600000
0.400000
-0.600000
0.400000
-0.600000
0.400000
-0.600000
0.400000
-0.600000
0.400000
-0.600000
0.400000
-0.600000
0.400000
-0.600000
0.400000
-0.600000
0.400000
-0.600000
0.400000
-0.600000
0.400000
-0.600000
0.400000
-0.600000
-1.600000
-0.600000
-1.600000
-0.600000
-1.600000
-0.600000
-1.600000
-0.600000
-1.600000
-0.600000
-1.600000
-0.600000
-1.600000
-0.600000
-1.600000
-0.600000
-1.600000
-0.600000
-1.600000
-0.600000
-1.600000
-0.600000
-1.600000
-2.600000
-1.600000
-2.600000
-1.600000
-2.600000
-1.600000
-2.600000
-1.600000
-2.600000
-1.600000
-2.600000
-1.600000
-2.600000
-1.600000
-2.600000
-1.600000
-2.600000
-1.600000
-2.600000
-1.600000
-2.600000
-3.600000
-2.600000
-3.600000
-2.600000
-3.600000
-2.600000
-3.600000
-2.600000
-3.600000
-2.600000
-3.600000
-2.600000
-3.600000
-2.600000
-3.600000
-2.600000
-3.600000
-2.600000
-3.600000
-2.600000
-3.600000
-4.600000
-3.600000
-4.600000
-3.600000
-4.600000
-3.600000
-4.600000
-3.600000
-4.600000
-3.600000
-4.600000
-3.600000
-4.600000
-3.600000
-4.600000
-3.600000
-4.600000
-5.600000
-4.600000
-5.600000
-4.600000
-5.600000
-4.600000
-5.600000
-4.600000
-5.600000
-4.600000
-5.600000
-4.600000
-5.600000
-4.600000
-5.600000
-4.600000
-5.600000
-4.600000
-5.600000
-6.600000
-5.600000
-6.600000
-5.600000
-6.600000
-5.600000
-6.600000
-5.600000
-6.600000
-5.600000
-6.600000
-5.600000
-6.600000
-5.600000
-6.600000
-5.600000
-6.600000
-7.600000
-6.600000
-7.600000
-6.600000
-7.600000
-6.600000
-7.600000
-6.600000
-7.600000
-6.600000
-7.600000
-6.600000
-7.600000
-6.600000
-7.600000
-8.600000
-7.600000
-8.600000
-7.600000
-8.600000
-7.600000
-8.600000
-7.600000
-8.600000
-7.600000
-8.600000
-7.600000
-8.600000
-7.600000
-8.600000
-7.600000
-8.600000
-9.600000
-8.600000
-9.600000
-8.600000
-9.600000
-8.600000
-9.600000
-8.600000
-9.600000
-8.600000
-9.600000
-8.600000
-9.600000
-8.600000
-9.600000
-10.600000
-9.600000
-10.600000
-9.600000
-10.600000
-9.600000
-10.600000
-9.600000
-10.600000
-9.600000
-10.600000
-9.600000
-10.600000
-9.600000
-10.600000
-11.600000
-10.600000
-11.600000
-10.600000
-11.600000
-10.600000
-11.600000
-10.600000
-11.600000
-10.600000
-11.600000
-10.600000
-11.600000
-12.600000
-11.600000
-12.600000
-11.600000
-12.600000
-11.600000
-12.600000
-11.600000
-12.600000
-11.600000
-12.600000
-11.600000
-12.600000
-13.600000
-12.600000
-13.600000
-12.600000
-13.600000
-12.600000
-13.600000
-12.600000
-13.600000
-12.600000
-13.600000
-12.600000
-13.600000
-14.600000
-13.600000
-14.600000
-13.600000
-14.600000
-13.600000
-14.600000
-13.600000
-14.600000
-13.600000
-14.600000
-13.600000
-14.600000
-15.600000
-14.600000
-15.600000
-14.600000
-15.600000
-14.600000
-15.600000
-14.600000
-15.600000
-14.600000
-15.600000
-14.600000
-15.600000
-16.600000
-15.600000
-16.600000
-15.600000
-16.600000
-15.600000
-16.600000
-15.600000
-16.600000
-15.600000
-16.600000
-15.600000
-16.600000
-17.600000
-16.600000
-17.600000
-16.600000
-17.600000
-16.600000
-17.600000
-16.600000
-17.600000
-16.600000
-17.600000
-18.600000
-17.600000
-18.600000
-17.600000
-18.600000
-17.600000
-18.600000
-17.600000
-18.600000
-17.600000
-18.600000
-17.600000
-18.600000
-19.600000
-18.600000
-19.600000
-18.600000
-19.600000
-18.600000
-19.600000
-18.600000
-19.600000
-18.600000
-19.600000
-20.600000
-19.600000
-20.600000
-19.600000
-20.600000
-19.600000
-20.600000
-19.600000
-20.600000
-19.600000
-20.600000
-21.600000
-20.600000
-21.600000
-20.600000
-21.600000
-20.600000
-21.600000
-20.600000
-21.600000
-20.600000
-21.600000
-22.600000
-21.600000
-22.600000
-21.600000
-22.600000
-21.600000
-22.600000
-21.600000
-22.600000
-21.600000
-22.600000
-23.600000
-22.600000
-23.600000
-22.600000
-23.600000
-22.600000
-23.600000
-22.600000
-23.600000
-22.600000
-23.600000
-24.600000
-23.600000
-24.600000
-23.600000
-24.600000
-23.600000
-24.600000
-23.600000
-24.600000
-25.600000
-24.600000
-25.600000
-24.600000
-25.600000
-24.600000
-25.600000
-24.600000
-25.600000
-24.600000
-25.600000
-26.600000
-25.600000
-26.600000
-25.600000
-26.600000
-25.600000
-26.600000
-25.600000
-26.600000
-25.600000
-26.600000
-27.600000
-26.600000
-27.600000
-26.600000
-27.600000
-26.600000
-27.600000
-26.600000
-27.600000
-28.600000
-27.600000
-28.600000
-27.600000
-28.600000
-27.600000
-28.600000
-27.600000
-28.600000
-29.600000
-28.600000
-29.600000
-28.600000
-29.600000
-28.600000
-29.600000
-28.600000
-29.600000
-28.600000
-29.600000
-30.600000
-29.600000
-30.600000
-29.600000
-30.600000
-29.600000
-30.600000
-29.600000
-30.600000
-31.600000
-30.600000
-31.600000
-30.600000
-31.600000
-30.600000
-31.600000
-30.600000
-31.600000
-32.600000
-31.600000
-32.600000
-31.600000
-32.600000
-31.600000
-32.600000
-31.600000
-32.600000
-33.600000
-32.600000
-33.600000
-32.600000
-33.600000
-32.600000
-33.600000
-32.600000
-33.600000
-34.600000
-33.600000
-34.600000
-33.600000
-34.600000
-33.600000
-34.600000
-33.600000
-34.600000
-35.600000
-34.600000
-35.600000
-34.600000
-35.600000
-34.600000
-35.600000
-34.600000
-35.600000
-36.600000
-35.600000
-36.600000
-35.600000
-36.600000
-35.600000
-36.600000
-35.600000
-36.600000
-37.600000
-36.600000
-37.600000
-36.600000
-37.600000
-36.600000
-37.600000
-36.600000
-37.600000
-38.600000
-37.600000
-38.600000
-37.600000
-38.600000
-37.600000
-38.600000
-37.600000
-38.600000
-39.600000
-38.600000
-39.600000
-38.600000
-39.600000
-38.600000
-39.600000
-40.600000
-39.600000
-40.600000
-39.600000
-40.600000
-39.600000
-40.600000
-39.600000
-40.600000
-41.600000
-40.600000
-41.600000
-40.600000
-41.600000
-40.600000
-41.600000
-40.600000
-41.600000
-42.600000
-41.600000
-42.600000
-41.600000
-42.600000
-41.600000
-42.600000
-43.600000
-42.600000
-43.600000
-42.600000
-43.600000
-42.600000